00000101
00000011
11100100
11101111
11101010
11001101
11110011
00110111
10111011
01001111
00000100
00000001
11010101
00100011
00101010
11010010
00010101
11111111
11111100
00101100
01000100
11100000
00011000
10111111
11001000
00110111
11000110
01000111
11101010
00100000
11110111
00010110
00011111
11010001
11001000
11101111
10110100
11010100
10111000
11101100
00100010
00100010
00100001
00001010
11001111
00101100
11110110
11011010
11101001
00111100
11001111
00111001
00110011
00101001
11101111
11100110
00001100
11100010
00011110
00010101
00001111
11010000
11111100
11010110
11111001
01000000
00001011
10111011
11101100
01000111
01001100
11101111
11000000
00011000
11101101
00011110
11101010
11001000
00000110
11111001
10111000
11101111
00111100
11001111
00011000
00100101
00101000
01001010
00110011
11101100
00100000
00110000
00100111
11011110
11110100
00101001
00100101
00001010
11011010
00011110
11010001
00110111
11111111
10111100
11110111
10111111
11000011
00111101
01001110
00011111
00101011
00001000
00101110
10111101
11010010
11010111
01001101
11110101
11011100
00000101
11001001
11100010
00011111
11011010
10111110
11110001
10111101
11010000
10110101
11001101
00111010
00110111
11001000
00010100
11110110
00011101
00100101
00110111
00110001
11110010
11000110
11000101
00001010
10111000
